45.02
45.08
45.09
45.11
45.12
45.12
45.13
45.14
45.14
45.15
45.16
45.17
45.18
45.19
45.19
45.21
45.22
45.24
45.25
45.27
45.29
45.3
45.34
45.36
45.37
45.39
45.4
45.42
45.42
45.44
45.46
45.47
45.48
45.49
45.5
45.53
45.55
45.57
45.58
45.58
45.59
45.6
45.6
45.62
45.65
45.67
45.68
45.68
45.7
45.71
45.71
45.73
45.74
45.74
45.74
45.75
45.76
45.78
45.78
45.79
45.79
45.81
45.82
45.83
45.85
45.85
45.88
45.88
45.91
45.92
45.92
45.92
45.93
45.93
45.94
45.98
45.99
45.99
46.0
46.01
46.03
46.05
46.06
46.08
46.1
46.11
46.11
46.11
46.11
46.12
46.12
46.14
46.15
46.15
46.16
46.16
46.2
46.21
46.21
46.22
46.25
46.26
46.26
46.28
46.28
46.28
46.29
46.3
46.33
46.33
46.34
46.34
46.37
46.38
46.39
46.4
46.4
46.41
46.43
46.43
46.43
46.45
46.46
46.47
46.48
46.5
46.5
46.51
46.51
46.51
46.51
46.52
46.52
46.53
46.55
46.58
46.59
46.61
46.62
46.63
46.63
46.65
46.66
46.67
46.68
46.68
46.69
46.7
46.71
46.72
46.72
46.75
46.76
46.76
46.76
46.8
46.8
46.81
46.81
46.82
46.83
46.84
46.86
46.87
46.88
46.89
46.9
46.9
46.9
46.92
46.92
46.94
46.94
46.94
46.96
46.96
46.97
46.99
47.0
47.0
47.02
47.02
47.03
47.04
47.04
47.04
47.06
47.07
47.07
47.08
47.1
47.11
47.11
47.11
47.13
47.14
47.15
47.15
47.16
47.17
47.19
47.19
47.21
47.25
47.26
47.26
47.26
47.27
47.28
47.29
47.29
47.3
47.3
47.3
47.31
47.33
47.33
47.34
47.36
47.37
47.37
47.37
47.37
47.37
47.38
47.4
47.41
47.42
47.42
47.43
47.43
47.48
47.49
47.51
47.54
47.55
47.55
47.58
47.58
47.6
47.61
47.62
47.62
47.63
47.64
47.64
47.65
47.66
47.66
47.67
47.69
47.71
47.71
47.72
47.72
47.72
47.72
47.74
47.74
47.74
47.75
47.75
47.77
47.78
47.78
47.81
47.82
47.82
47.87
47.88
47.89
47.9
47.93
47.93
47.94
47.94
47.94
47.94
47.95
47.95
47.96
47.97
47.97
47.99
48.03
48.05
48.05
48.05
48.06
48.08
48.08
48.08
48.08
48.09
48.1
48.11
48.12
48.14
48.14
48.15
48.16
48.17
48.17
48.18
48.19
48.2
48.21
48.22
48.23
48.24
48.24
48.26
48.27
48.27
48.27
48.28
48.29
48.3
48.31
48.31
48.33
48.34
48.36
48.37
48.37
48.38
48.39
48.43
48.44
48.45
48.46
48.47
48.47
48.5
48.5
48.5
48.51
48.52
48.52
48.53
48.53
48.53
48.53
48.55
48.56
48.57
48.57
48.58
48.59
48.6
48.61
48.61
48.61
48.61
48.61
48.63
48.67
48.67
48.7
48.7
48.71
48.71
48.71
48.71
48.72
48.74
48.74
48.75
48.75
48.78
48.78
48.8
48.81
48.82
48.82
48.83
48.83
48.83
48.85
48.86
48.86
48.86
48.87
48.89
48.9
48.9
48.92
48.94
48.97
49.01
49.02
49.03
49.04
49.05
49.05
49.06
49.08
49.08
49.11
49.11
49.12
49.13
49.14
49.15
49.17
49.18
49.18
49.18
49.18
49.18
49.19
49.2
49.22
49.25
49.26
49.27
49.27
49.27
49.29
49.29
49.29
49.3
49.33
49.34
49.36
49.39
49.39
49.41
49.42
49.43
49.45
49.49
49.49
49.5
49.53
49.54
49.54
49.55
49.55
49.56
49.56
49.58
49.62
49.64
49.64
49.65
49.65
49.66
49.66
49.67
49.67
49.67
49.68
49.69
49.71
49.71
49.71
49.72
49.72
49.73
49.75
49.76
49.78
49.8
49.81
49.82
49.84
49.84
49.84
49.84
49.87
49.87
49.88
49.88
49.9
49.9
49.91
49.95
49.96
49.97
49.98
49.98
49.99
50.01
50.02
50.02
50.04
50.04
50.04
50.06
50.07
50.09
50.1
50.1
50.11
50.11
50.14
50.16
50.16
50.18
50.2
50.21
50.21
50.22
50.23
50.24
50.25
50.26
50.27
50.32
50.33
50.34
50.36
50.36
50.36
50.38
50.39
50.4
50.42
50.42
50.43
50.43
50.44
50.44
50.46
50.48
50.48
50.49
50.49
50.51
50.51
50.52
50.52
50.53
50.54
50.54
50.56
50.57
50.58
50.59
50.59
50.6
50.61
50.61
50.61
50.62
50.62
50.62
50.63
50.64
50.66
50.66
50.69
50.72
50.73
50.73
50.74
50.79
50.8
50.8
50.8
50.82
50.83
50.84
50.84
50.85
50.87
50.87
50.87
50.88
50.9
50.92
50.92
50.93
50.93
50.94
50.94
50.94
50.95
50.97
50.99
51.0
51.01
51.02
51.02
51.02
51.03
51.04
51.04
51.04
51.06
51.08
51.09
51.1
51.1
51.13
51.13
51.13
51.13
51.14
51.14
51.16
51.17
51.19
51.2
51.22
51.22
51.22
51.23
51.24
51.26
51.27
51.28
51.28
51.29
51.31
51.31
51.31
51.32
51.32
51.33
51.34
51.34
51.34
51.34
51.36
51.37
51.37
51.4
51.42
51.42
51.43
51.46
51.46
51.47
51.48
51.49
51.5
51.51
51.55
51.57
51.57
51.62
51.65
51.66
51.66
51.67
51.69
51.69
51.7
51.72
51.73
51.75
51.77
51.77
51.78
51.79
51.79
51.79
51.8
51.82
51.82
51.82
51.83
51.84
51.85
51.85
51.85
51.9
51.91
51.92
51.95
51.95
51.95
51.95
51.96
51.96
51.97
51.97
52.02
52.03
52.04
52.04
52.05
52.05
52.06
52.07
52.07
52.08
52.11
52.15
52.15
52.16
52.18
52.18
52.21
52.21
52.22
52.23
52.23
52.23
52.24
52.25
52.27
52.28
52.3
52.31
52.31
52.32
52.34
52.35
52.36
52.38
52.41
52.43
52.43
52.44
52.44
52.46
52.46
52.49
52.53
52.55
52.55
52.56
52.56
52.56
52.57
52.57
52.58
52.61
52.61
52.61
52.61
52.62
52.63
52.65
52.66
52.66
52.67
52.67
52.69
52.7
52.74
52.74
52.76
52.76
52.77
52.77
52.78
52.78
52.79
52.79
52.8
52.82
52.83
52.84
52.84
52.84
52.84
52.85
52.85
52.89
52.92
52.92
52.93
52.97
52.97
52.99
52.99
53.0
53.01
53.02
53.04
53.04
53.04
53.07
53.07
53.08
53.08
53.08
53.09
53.09
53.09
53.09
53.09
53.11
53.15
53.17
53.19
53.2
53.2
53.21
53.21
53.22
53.22
53.24
53.25
53.27
53.27
53.28
53.28
53.28
53.29
53.29
53.3
53.32
53.35
53.37
53.4
53.4
53.4
53.42
53.44
53.44
53.44
53.45
53.47
53.49
53.51
53.52
53.52
53.52
53.55
53.58
53.59
53.59
53.59
53.6
53.61
53.63
53.63
53.64
53.64
53.65
53.65
53.65
53.67
53.69
53.7
53.72
53.72
53.73
53.73
53.74
53.74
53.76
53.77
53.79
53.8
53.81
53.82
53.82
53.82
53.83
53.83
53.83
53.87
53.89
53.9
53.9
53.92
53.93
53.95
53.96
53.96
53.98
53.98
53.98
54.0
54.0
54.01
54.02
54.04
54.06
54.07
54.07
54.09
54.09
54.11
54.11
54.11
54.11
54.12
54.12
54.13
54.13
54.19
54.2
54.2
54.22
54.24
54.24
54.25
54.25
54.26
54.27
54.3
54.3
54.31
54.31
54.31
54.32
54.34
54.34
54.34
54.36
54.37
54.37
54.37
54.38
54.4
54.42
54.43
54.43
54.45
54.45
54.46
54.46
54.48
54.5
54.5
54.51
54.52
54.52
54.53
54.55
54.56
54.57
54.57
54.58
54.64
54.65
54.65
54.65
54.65
54.67
54.7
54.7
54.7
54.7
54.71
54.72
54.75
54.76
54.76
54.76
54.77
54.78
54.8
54.8
54.8
54.81
54.81
54.82
54.83
54.83
54.83
54.84
54.84
54.87
54.87
54.88
54.9
54.91
54.92
54.93
54.94
54.95
54.96
54.98
54.99
55.42
55.98
56.09
56.15
56.24
56.42
56.48
56.52
56.53
56.76
57.03
57.05
57.15
57.35
57.61
57.91
58.04
58.51
58.52
58.57
59.06
59.13
59.73
60.08
60.51
60.53
60.58
60.89
60.91
61.02
61.16
61.49
61.6
61.65
61.7
61.85
61.89
61.96
62.18
62.5
62.53
62.68
62.7
62.79
62.8
62.86
63.15
63.93
63.94
64.46
64.82
64.9
